Concrete_Strength(MPa) Transversel_y_(MPa) Longitudinal_C_y_(MPa) Longitudinal_I_y_(MPa) Width_(mm) Depth_(mm) Length_Inflection_(mm) Length_Measured_(mm) Axial_Load_(kN) Longitudinal_reinforcement_Ratio Transverse_reinforcement_Ratio Span-to-depth_Ratio Axial_Load_Ratio Failure_Type
23.1	297	375	375	550	550	1200	1200	1815	0.0179	0.015	2.18	0.26	Flexure
41.4	316	375	375	550	550	1200	1200	2680	0.0179	0.023	2.18	0.214	Flexure
21.4	297	375	375	550	550	1200	1200	2719	0.0179	0.02	2.18	0.42	Flexure
23.5	294	375	375	550	550	1200	1200	4265	0.0179	0.035	2.18	0.6	Flexure
23.6	320	427	427	400	600	1600	1600	1435	0.0151	0.028	4	0.38	Flexure
25	280	427	427	400	400	1600	1600	840	0.0151	0.022	4	0.21	Flexure
46.5	364	446	446	400	400	1600	1600	744	0.0151	0.009	4	0.1	Flexure
44	360	446	446	400	400	1600	1600	2112	0.0151	0.012	4	0.3	Flexure
44	364	446	446	400	400	1600	1600	2112	0.0151	0.008	4	0.3	Flexure
40	255	446	446	400	400	1600	1600	1920	0.0151	0.006	4	0.3	Flexure
28.3	466	440	440	400	400	1600	1600	1010	0.0151	0.016	4	0.223	Flexure
40.1	466	440	440	400	400	1600	1600	2502	0.0151	0.02	4	0.39	Flexure
41	372	474	474	400	400	1600	1600	3280	0.0151	0.007	4	0.5	Flexure
40	388	474	474	400	400	1600	1600	3200	0.0151	0.003	4	0.5	Flexure
42	308	474	474	400	400	1600	1600	4704	0.0151	0.013	4	0.7	Flexure
39	372	474	474	400	400	1600	1600	4368	0.0151	0.007	4	0.7	Flexure
40	308	474	474	400	400	1600	1600	4480	0.0151	0.023	4	0.7	Flexure
25.6	333	474	474	400	400	1600	1600	819	0.0157	0.025	4	0.2	Flexure
25.6	333	474	474	400	400	1600	1600	819	0.0157	0.025	4	0.2	Flexure
25.6	333	474	474	400	400	1600	1600	819	0.0157	0.025	4	0.2	Flexure
25.6	333	474	474	400	400	1600	1600	819	0.0157	0.025	4	0.2	Flexure
32	325	511	511	550	550	1650	1650	968	0.0125	0.017	3	0.1	Flexure
32	325	511	511	550	550	1650	1650	968	0.0125	0.017	3	0.1	Flexure
32.1	325	511	511	550	550	1650	1650	2913	0.0125	0.021	3	0.3	Flexure
32.1	325	511	511	550	500	1650	1650	2913	0.0125	0.021	3	0.3	Flexure
26.9	305	432	432	400	600	1784	1784	646	0.0188	0.022	2.97	0.1	Flexure
20.6	323	392.8	392.8	250	250	375	375	429	0.0068	0.012	1.5	0.333	Flexure
21.6	344	371	371	200	200	300	300	147	0.0127	0.008	1.5	0.17	Shear
21	344	371	371	200	200	300	300	294	0.0127	0.014	1.5	0.35	Flexure-Shear
24.8	325	362	362	400	400	1600	1600	127	0.0142	0.003	4	0.032	Flexure
24.8	325	362	362	400	400	1600	1600	127	0.0142	0.003	4	0.032	Flexure
24.8	325	362	362	400	400	1600	1600	127	0.0142	0.003	4	0.032	Flexure
32	316	369	369	200	200	400	400	183	0.0201	0.006	2	0.143	Flexure-Shear
29.9	316	370	370	200	200	400	400	183	0.0265	0.006	2	0.153	Flexure-Shear
32.3	341	336	336	80	80	80	80	124	0.0177	0.005	1	0.6	Flexure-Shear
34	341	336	336	80	80	80	80	152	0.0177	0.005	1	0.699	Flexure-Shear
32.8	341	336	336	80	80	80	80	189	0.0177	0.005	1	0.9	Flexure-Shear
27.1	336	318	318	400	500	825	825	392	0.0266	0.004	1.65	0.072	Shear
19.8	559	341	341	160	160	160	160	406	0.0222	0.007	1	0.801	Shear
19.8	559	341	341	160	160	160	160	406	0.0222	0.007	1	0.801	Shear
19.8	559	341	341	160	160	160	160	406	0.0222	0.018	1	0.801	Shear
21.1	559	341	341	160	160	320	320	432	0.0222	0.007	2	0.8	Flexure-Shear
21.1	559	341	341	160	160	320	320	432	0.0222	0.007	2	0.8	Flexure
21.1	559	341	341	160	160	320	320	486	0.0222	0.018	2	0.9	 Flexure-Shear
28.8	559	341	341	160	160	480	480	517	0.0222	0.007	2	0.701	 Flexure-Shear
28.8	559	341	341	160	160	480	480	517	0.0222	0.007	3	0.701	Flexure-Shear
28.8	559	341	341	160	160	480	480	517	0.0222	0.018	3	0.701	Flexure-Shear
27.9	506	374	374	250	250	750	750	184	0.0162	0.004	3	0.106	Flexure
27.9	506	374	374	250	250	750	750	184	0.0162	0.004	3	0.106	Flexure
27.9	506	374	374	250	250	750	750	184	0.0162	0.004	3	0.106	Flexure
24.8	352	374	374	250	250	750	750	184	0.0162	0.004	3	0.119	Flexure
27.9	506	374	374	250	250	750	750	184	0.0162	0.004	3	0.106	Flexure
27.9	506	374	374	250	250	750	750	184	0.0162	0.004	3	0.106	Flexure
31.8	249	340	340	180	180	225	225	190	0.0313	0.002	1.23	0.184	Shear
33	249	340	340	180	180	225	225	476	0.0313	0.002	1.25	0.445	Shear
85.7	328.4	399.6	399.6	200	200	500	500	1371	0.038	0.016	2.5	0.4	Flexure
85.7	792.3	399.6	399.6	200	200	500	500	1371	0.038	0.016	2.5	0.4	Flexure
85.7	328.4	399.6	399.6	200	200	500	500	2156	0.038	0.016	2.5	0.629	Flexure
85.7	792.3	399.6	399.6	200	200	500	500	2156	0.038	0.016	2.5	0.629	Flexure
115.8	328.4	399.6	399.6	200	200	500	500	1176	0.038	0.016	2.5	0.254	Flexure
115.8	792.3	399.6	399.6	200	200	500	500	1176	0.038	0.016	2.5	0.254	Flexure
115.8	328.4	399.6	399.6	200	200	500	500	1959	0.038	0.016	2.5	0.423	Flexure
115.8	792.3	399.6	399.6	200	200	500	500	1959	0.038	0.016	2.5	0.423	Flexure
25.8	426	361	361	200	200	300	300	265	0.0213	0.009	1.5	0.257	Flexure-Shear
25.8	426	361	361	200	200	300	300	636	0.0213	0.009	1.5	0.616	Flexure-Shear
99.5	774	379	379	250	250	500	500	2176	0.0243	0.005	2	0.35	Flexure
99.5	774	379	379	250	250	500	500	2176	0.0243	0.007	2	0.35	Flexure
99.5	344	379	379	250	250	500	500	2176	0.0243	0.006	2	0.35	Flexure
99.5	1126	379	379	250	250	500	500	2176	0.0243	0.005	2	0.35	Flexure
99.5	774	379	379	250	250	500	500	2176	0.0243	0.005	2	0.35	Flexure
99.5	857	379	379	250	250	500	500	2176	0.0243	0.005	2	0.35	Flexure
99.5	774	339	339	250	250	500	500	2176	0.0181	0.005	2	0.35	Flexure
46.3	414	441	441	278	278	323	323	2632	0.0412	0.009	1.16	0.736	Flexure-Shear
34.7	345	496	496	152	305	876	876	189	0.0245	0.003	2.87	0.117	Flexure-Shear
34.7	345	496	496	152	305	876	876	189	0.0245	0.003	2.87	0.117	Flexure-Shear
26.1	345	496	496	152	305	876	876	178	0.0245	0.005	2.87	0.147	Flexure-Shear
26.1	345	496	496	152	305	876	876	178	0.0245	0.005	2.87	0.147	Flexure-Shear
33.6	345	496	496	152	305	876	876	178	0.0245	0.003	2.87	0.147	Flexure-Shear
33.6	345	496	496	178	305	876	876	178	0.0245	0.003	2.87	0.147	Flexure-Shear
33.6	345	496	496	152	305	876	876	111	0.0245	0.003	2.87	0.071	Shear
33.6	345	496	496	152	305	876	876	111	0.0245	0.003	2.87	0.071	Flexure-Shear
33.4	345	496	496	152	305	876	876	178	0.0245	0.007	2.87	0.115	Flexure-Shear
33.4	345	496	496	152	305	876	876	178	0.0245	0.007	2.87	0.115	Flexure-Shear
33.5	317	496	496	152	305	876	876	178	0.0245	0.015	2.87	0.115	Flexure-Shear
33.5	317	496	496	152	305	876	876	178	0.0245	0.015	2.87	0.115	Flexure-Shear
33.5	317	496	496	152	305	876	876	178	0.0245	0.009	2.87	0.115	Flexure-Shear
33.5	317	496	496	152	305	876	876	178	0.0245	0.009	2.87	0.115	Flexure-Shear
29.1	275	535	367	367	578	305	305	267	0.0163	0.015	5.5	0.099	Flexure
30.7	275	535	367	367	578	305	305	267	0.0163	0.009	5.5	0.093	Flexure
29.2	275	535	367	367	578	305	305	267	0.0163	0.015	5.5	0.098	Flexure
27.6	275	535	429	429	657	305	305	267	0.0163	0.009	5.5	0.104	Flexure
29.4	275	530	429	429	657	305	305	534	0.0163	0.015	5.5	0.195	Flexure
31.8	275	530	429	429	657	305	305	534	0.0163	0.009	5.5	0.181	Flexure
33.3	275	530	363	363	563	305	305	801	0.0163	0.015	5.5	0.259	Flexure
32.4	275	530	363	363	563	305	305	801	0.0163	0.009	5.5	0.266	Flexure
31	275	492	363	363	563	305	305	801	0.0163	0.015	5.5	0.278	Flexure
31.8	275	492	363	363	563	305	305	801	0.0163	0.009	5.5	0.271	Flexure
34.9	414	441	441	230	410	455	455	534	0.0301	0.003	1.11	0.162	Shear
34.9	414	441	441	410	230	455	455	534	0.0301	0.003	1.98	0.162	Shear
42	414	441	441	230	410	455	455	1068	0.0301	0.003	1.11	0.27	Shear
29.9	414	462	462	305	305	457	457	288	0.0244	0.003	1.5	0.104	Shear
39.3	454	439	439	457	457	1372	1372	1690	0.0194	0.022	3	0.206	Flexure
39.8	616	439	439	457	457	1372	1372	2580	0.0194	0.013	3	0.31	Flexure
43.6	470	430	430	350	350	1000	1000	0	0.0321	0.009	2.86	0	Flexure
34.8	470	430	430	350	350	1000	1000	600	0.0321	0.017	2.86	0.141	Flexure
32	470	438	438	350	350	1000	1000	600	0.0321	0.025	2.86	0.153	 Flexure
37.3	425	437	437	350	350	1000	1000	600	0.0321	0.02	2.86	0.131	 Flexure
39	425	437	437	350	350	1000	1000	600	0.0321	0.02	2.86	0.126	 Flexure
80	430	430	430	250	250	1140	1140	1500	0.0151	0.012	4.56	0.3	Flexure
80	430	430	430	250	250	1140	1140	1500	0.0151	0.012	4.56	0.3	 Flexure
80	430	430	430	250	250	1140	1140	1000	0.0151	0.012	4.56	0.2	Flexure
80	430	430	430	250	250	1140	1140	1000	0.0151	0.012	4.56	0.2	Flexure
80	430	430	430	250	250	1140	1140	1000	0.0151	0.018	4.56	0.2	Flexure
80	430	430	430	250	250	1140	1140	1500	0.0151	0.018	4.56	0.3	Flexure
80	430	430	430	250	250	1140	1140	1500	0.0151	0.018	4.56	0.3	Flexure
80	430	430	430	250	250	1140	1140	1000	0.0151	0.018	4.56	0.2	Flexure
80	430	430	430	250	250	1140	1140	1000	0.0151	0.037	4.56	0.2	Flexure
80	430	430	430	250	250	1140	1140	1500	0.0151	0.037	4.56	0.3	Flexure
80	430	430	430	250	250	1140	1140	1000	0.0151	0.037	4.56	0.2	Flexure
80	430	430	430	250	250	1140	1140	1500	0.0151	0.037	4.56	0.3	Flexure
80	430	430	430	250	250	1140	1140	1000	0.0603	0.012	4.56	0.3	Flexure
80	430	430	430	250	250	1140	1140	1500	0.0603	0.012	4.56	0.3	Flexure
80	430	430	430	250	250	1140	1140	1500	0.0603	0.012	4.56	0.3	Flexure
80	430	430	430	250	250	1140	1140	1000	0.0603	0.012	4.56	0.2	Flexure
80	430	430	430	250	250	1140	1140	1000	0.0603	0.018	4.56	0.2	Flexure
80	430	430	430	250	250	1140	1140	1000	0.0603	0.018	4.56	0.2	Flexure
80	430	430	430	250	250	1140	1140	1500	0.0603	0.018	4.56	0.3	Flexure
80	430	430	430	250	250	1140	1140	1500	0.0603	0.018	4.56	0.3	Flexure
80	430	430	430	250	250	1140	1140	1000	0.0603	0.037	4.56	0.2	Flexure
80	430	430	430	250	250	1140	1140	1000	0.0603	0.037	4.56	0.2	Flexure
80	430	430	430	250	250	1140	1140	1500	0.0603	0.037	4.56	0.3	Flexure
80	430	430	430	250	250	1140	1140	1500	0.0603	0.037	4.56	0.3	Flexure
27.2	428	448	448	380	610	2335	2335	615	0.0222	0.004	3.83	0.098	Flexure
27.2	428	448	448	380	610	2335	2335	1505	0.0222	0.004	3.83	0.239	Flexure
28.1	428	448	448	380	610	2335	2335	601	0.0222	0.005	3.83	0.092	Flexure
28.1	428	448	448	380	610	2335	2335	1514	0.0222	0.005	3.83	0.232	Flexure
26.9	399.9	331	331	457.2	457.2	1473.2	1473.2	503	0.0303	0	3.22	0.089	Flexure
33.1	399.9	331	331	457.2	457.2	1473.2	1473.2	503	0.0194	0	3.22	0.073	Flexure-Shear
25.5	399.9	331	331	457.2	457.2	1473.2	1473.2	1512	0.0194	0	3.22	0.284	Flexure-Shear
27.6	399.9	331	331	457.2	457.2	1473.2	1473.2	1512	0.0303	0	3.22	0.262	Shear
27.6	399.9	331	331	457.2	457.2	1473.2	1473.2	1512	0.0303	0	3.22	0.262	Shear
26.9	399.9	331	331	457.2	457.2	1473.2	1473.2	503	0.0303	0	3.22	0.089	Shear
33.1	399.9	331	331	457.2	457.2	1473.2	1473.2	503	0.0194	0	3.22	0.073	Flexure-Shear
25.5	399.9	331	331	457.2	457.2	1473.2	1473.2	1512	0.0303	0	3.22	0.284	Flexure-Shear
76	510	510	510	254	254	508	508	489	0.0355	0.037	2	0.1	Flexure
76	510	510	510	254	254	508	508	979	0.0355	0.037	2	0.2	Flexure
86	510	510	510	254	254	508	508	534	0.0246	0.037	2	0.096	Flexure
86	510	510	510	254	254	508	508	1068	0.0246	0.037	2	0.192	Flexure
86	449	510	510	254	254	508	508	534	0.0246	0.016	2	0.096	Flexure-Shear
86	449	510	510	254	254	508	508	1068	0.0246	0.016	2	0.192	Flexure-Shear
118	1415	393	393	225	225	450	450	3579	0.0186	0	2	0.599	Flexure
118	1424	393	393	225	225	450	450	3579	0.0186	0	2	0.599	Flexure
118	1424	393	393	225	225	450	450	3579	0.0186	0	2	0.599	Flexure
118	1424	393	393	225	225	450	450	2089	0.0186	0	2	0.35	Flexure
118	1424	393	393	225	225	450	450	2089	0.0186	0	2	0.35	Flexure
40.6	351	407	407	279.4	279.4	2134	2134	1076	0.0101	0	7.64	0.339	Flexure
72.1	463	454	454	305	305	1842	1473	3354	0.0258	0.032	6.04	0.5	Flexure
71.7	542	454	454	305	305	1842	1473	2401	0.0258	0.028	6.04	0.36	Flexure
71.8	542	454	454	305	305	1842	1473	3340	0.0258	0.028	6.04	0.5	Flexure
71.9	463	454	454	305	305	1842	1473	3344	0.0258	0.051	6.04	0.5	Flexure
101.8	463	454	454	305	305	1842	1473	4261	0.0258	0.04	6.04	0.5	Flexure
101.9	463	454	454	305	305	1842	1473	4360	0.0258	0.067	6.04	0.46	Flexure
102	542	454	454	305	305	1842	1473	4270	0.0258	0.027	6.04	0.45	Flexure
102.2	463	454	454	305	305	1842	1473	4468	0.0258	0.043	6.04	0.47	Flexure
34	570	455.6	455.6	350	350	1645	1645	1782	0.0195	0.01	4.7	0.428	Flexure
34	570	455.6	455.6	350	350	1645	1645	1782	0.0195	0.02	4.7	0.428	Flexure
34	570	455.6	455.6	350	350	1645	1645	831	0.0195	0.02	4.7	0.2	Flexure
34	570	455.6	455.6	350	350	1645	1645	1923	0.0293	0.013	4.7	0.462	Flexure
34	570	455.6	455.6	350	350	1645	1645	1923	0.0293	0.027	4.7	0.462	Flexure
34	570	477.8	477.8	350	350	1645	1645	1900	0.0229	0.027	4.7	0.456	Flexure
34	580	455.6	455.6	350	350	1645	1645	1923	0.0293	0.013	4.7	0.462	Flexure
34	580	455.6	455.6	350	350	1645	1645	961	0.0293	0.013	4.7	0.231	Flexure
34	580	427.8	427.8	350	350	1645	1645	1923	0.0328	0.013	4.7	0.462	Flexure
34	570	427.8	427.8	350	350	1645	1645	1923	0.0328	0.027	4.7	0.462	Flexure
69.6	406.8	586.1	586.1	203	203	610	610	142	0.0193	0.01	3	0.05	Flexure
69.6	406.8	586.1	586.1	203	203	610	610	142	0.0193	0.01	3	0.055	Flexure
67.8	513.7	572.3	572.3	203	203	610	610	285	0.0193	0.01	3	0.102	Flexure
67.8	514.7	573.3	573.3	203	203	610	610	285	0.0193	0.01	3	0.102	Flexure
65.5	513.7	572.3	572.3	203	203	610	610	569	0.0193	0.01	3	0.211	Flexure
65.5	514.7	573.3	573.3	203	203	610	610	569	0.0193	0.01	3	0.211	Flexure
37.9	513.7	572.3	572.3	203	203	610	610	0	0.0193	0.01	3	0	Flexure
37.9	514.7	573.3	573.3	203	203	610	610	0	0.0193	0.01	3	0	Flexure
48.3	406.8	586.1	586.1	203	203	610	610	285	0.0193	0.01	3	0.143	Flexure
48.3	407.8	587.1	587.1	203	203	610	610	285	0.0193	0.01	3	0.143	Flexure
38.1	513.7	572.3	572.3	203	203	610	610	569	0.0193	0.01	3	0.362	Flexure
38.1	514.7	573.3	573.3	203	203	610	610	569	0.0193	0.01	3	0.362	Flexure
24.9	459.5	497	497	400	400	1400	1400	450	0.0214	0	3.5	0.113	Flexure
26.7	459.5	497	497	400	400	1400	1400	675	0.0214	0	3.5	0.158	Flexure
26.1	459.5	497	497	400	400	1400	1400	900	0.0214	0	3.5	0.216	Flexure
25.3	459.5	497	497	400	400	1400	1400	450	0.0214	0	3.5	0.111	Flexure
27.1	459.5	497	497	400	400	1400	1400	675	0.0214	0	3.5	0.156	Flexure
26.8	459.5	497	497	400	400	1400	1400	900	0.0214	0	3.5	0.21	Flexure
26.4	459.5	497	497	400	400	1400	1400	450	0.0214	0	3.5	0.107	Flexure
27.5	459.5	497	497	400	400	1400	1400	675	0.0214	0	3.5	0.154	Flexure
26.9	459.5	497	497	400	400	1400	1400	900	0.0214	0	3.5	0.209	Flexure
21.9	400	434	434	914.4	457.2	1219.2	1219.2	0	0.0188	0	2.67	0	Shear
16	400	434	434	457.2	914.4	1219.2	1219.2	0	0.0188	0	1.33	0	Flexure
102.7	793	517.1	517.1	152.4	152.4	596.9	596.9	0	0.0245	0	3.92	0	Flexure
86.3	793	517.1	517.1	152.4	152.4	593.9	596.9	401	0.0245	0	3.92	0.2	Flexure
87.5	793	455.1	455.1	152.4	152.4	596.9	596.9	0	0.0245	0	3.92	0	Flexure
83.4	793	455.1	455.1	152.4	152.4	596.9	596.9	194	0.0245	0	3.92	0.1	Flexure
90	793	455.1	455.1	152.4	152.4	596.9	596.9	418	0.0245	0	3.92	0.2	Flexure
67.5	1262	475.8	475.8	152.4	152.4	596.9	596.9	0	0.0245	0	3.92	0	Flexure
74.6	1262	475.8	475.8	152.4	152.4	596.9	596.9	173	0.0245	0	3.92	0.1	Flexure
81.8	1262	475.8	475.8	152.4	152.4	596.9	596.9	380	0.0245	0	3.92	0.2	Flexure
75.8	1262	475.8	475.8	152.4	152.4	596.9	596.9	352	0.0245	0	3.92	0.2	Flexure
87	1262	475.8	475.8	152.4	152.4	596.9	596.9	404	0.0245	0	3.92	0.2	Flexure
71.2	1262	475.8	475.8	152.4	152.4	596.9	596.9	331	0.0245	0	3.92	0.2	Flexure
21.1	476	434.4	434.4	457.2	457.2	1473.2	1473.2	667	0.0247	0.002	3.22	0.151	Flexure-Shear
21.1	476	434.4	434.4	457.2	457.2	1473.2	1473.2	2669	0.0247	0.002	3.22	0.605	Flexure-Shear
21.8	476	434.4	434.4	457.2	457.2	1473.2	1473.2	667	0.0247	0.002	3.22	0.146	Flexure-Shear
92.4	391	451	494	305	305	2000	2000	1200	0.0215	0.002	6.56	0.14	Flexure
93.3	391	430	494	305	305	2000	2000	2400	0.0215	0.002	6.56	0.277	Flexure
98.2	418	451	467	305	305	2000	2000	3600	0.0215	0.002	6.56	0.394	Flexure
94.8	391	451	494	305	305	2000	2000	1200	0.0215	0.002	6.56	0.136	Flexure
97.7	391	451	494	305	305	2000	2000	2400	0.0215	0.002	6.56	0.264	Flexure
104.3	418	451	467	305	305	2000	2000	3600	0.0215	0.002	6.56	0.371	Flexure
78.7	438	446	499	305	305	2000	2000	2900	0.0215	0.002	6.56	0.396	Flexure
109.2	438	446	499	305	305	2000	2000	4200	0.0215	0.002	6.56	0.413	Flexure
109.5	825	446	499	305	305	2000	2000	4200	0.0215	0.002	6.56	0.412	Flexure
104.2	825	446	499	305	305	2000	2000	3600	0.0215	0.002	6.56	0.371	Flexure
104.5	744	446	533	305	305	2000	2000	5150	0.0215	0.002	6.56	0.53	Flexure
109.4	492	446	533	305	305	2000	2000	5150	0.0215	0.002	6.56	0.506	Flexure
33.7	410.9	453	453	152.4	304.8	685.8	685.8	133	0.0245	0.006	2.25	0.085	Flexure
33.7	410.9	453	453	152.4	304.8	685.8	685.8	133	0.0245	0.006	2.25	0.085	Flexure
32.1	410.9	453	453	152.4	304.8	685.8	685.8	133	0.0245	0	2.25	0.089	Flexure
32.1	410.9	453	453	152.4	304.8	685.8	685.8	133	0.0245	0	2.25	0.089	Flexure
29.9	410.9	453	453	152.4	304.8	685.8	685.8	133	0.0245	0	2.25	0.096	Flexure
29.9	410.9	453	453	152.4	304.8	685.8	685.8	133	0.0245	0	2.25	0.096	Flexure
27.4	410.9	453	453	152.4	304.8	685.8	685.8	133	0.0245	0	2.25	0.104	Flexure
27.4	410.9	453	453	152.4	304.8	685.8	685.8	133	0.0245	0	2.25	0.104	Flexure
27.4	410.9	453	453	152.4	304.8	685.8	685.8	267	0.0245	0	2.25	0.21	Flexure
27.4	410.9	453	453	152.4	304.8	685.8	685.8	267	0.0245	0	2.25	0.21	Flexure
36.4	410.9	453	453	152.4	304.8	685.8	685.8	267	0.0245	0	2.25	0.158	Flexure
36.4	410.9	453	453	152.4	304.8	685.8	685.8	267	0.0245	0	2.25	0.158	Flexure
34.9	410.9	453	453	152.4	304.8	685.8	685.8	133	0.0245	0	2.25	0.082	Flexure
34.9	410.9	453	453	152.4	304.8	685.8	685.8	133	0.0245	0	2.25	0.082	Flexure
36.5	410.9	453	453	152.4	304.8	685.8	685.8	133	0.0245	0	2.25	0.078	Flexure
36.5	410.9	453	453	152.4	304.8	685.8	685.8	133	0.0245	0	2.25	0.078	Flexure
37.6	485	461	461	250	250	625	625	705	0.0243	0	2.5	0.3	Flexure
37.6	485	461	461	250	250	625	625	1410	0.0243	0	2.5	0.6	Flexure
39.2	524	388	388	600	600	1200	1200	8000	0.0169	0	2	0.567	Flexure
39.2	524	388	388	600	600	1200	1200	8000	0.0169	0	2	0.567	Flexure
32.2	524	388	388	560	560	1200	1200	6000	0.0194	0	2.14	0.594	Flexure
35.9	368	363	363	400	400	1245	1245	157	0.0158	0	3.11	0.027	Flexure
35.7	368	363	363	400	400	1245	1245	157	0.0158	0	3.11	0.027	Flexure
34.3	368	363	363	400	400	1245	1245	157	0.0158	0	3.11	0.029	Flexure
33.2	368	363	363	400	400	1245	1245	157	0.0158	0	3.11	0.03	Flexure
36.8	368	363	363	400	400	1245	1245	157	0.0158	0	3.11	0.027	Flexure
35.9	368	363	363	400	400	1245	1245	157	0.0158	0	3.11	0.027	Flexure
